Time,Delta Time,X,Y,Z
16494,0,355,323,458
16595,101,347,319,454
16394,-201,359,325,454
16494,100,355,323,458
16595,101,347,319,454
16394,-201,359,325,454
16494,100,355,323,458
16595,101,347,319,454
100,-16495,386,310,475
201,101,383,313,490
303,102,380,332,462
404,101,392,354,444
504,100,371,351,443
606,102,368,359,450
707,101,342,374,423
808,101,342,371,442
909,101,333,360,445
1010,101,327,369,429
1112,102,315,352,438
1213,101,325,332,472
1314,101,319,308,483
1415,101,339,312,478
1516,101,365,291,500
1617,101,371,294,486
1719,102,372,294,492
1820,101,383,309,480
1922,102,384,314,468
2022,100,379,336,439
2123,101,387,341,451
2225,102,371,358,438
2326,101,364,363,440
2427,101,350,371,428
2528,101,325,368,421
2629,101,322,364,426
2731,102,331,346,435
2832,101,333,334,439
2933,101,333,336,457
3034,101,343,313,491
3135,101,374,302,497
3236,101,375,302,467
3338,102,352,293,469
3439,101,385,296,495
3540,101,392,317,483
3641,101,383,339,436
3742,101,381,343,433
3844,102,372,355,435
3945,101,358,368,430
4046,101,332,365,425
4147,101,326,362,424
4248,101,321,346,449
4349,101,323,330,473
4451,102,346,323,473
4552,101,359,310,470
4653,101,371,297,475
4754,101,365,288,479
4855,101,370,302,481
4957,102,386,318,465
5058,101,401,339,445
5158,100,375,346,426
5260,102,369,365,410
5361,101,359,370,412
5463,102,351,372,432
5564,101,326,363,435
5665,101,325,342,443
5766,101,344,331,473
5867,101,335,318,483
5968,101,340,308,491
6070,102,364,298,488
6171,101,369,288,489
6272,101,362,304,486
6373,101,384,314,483
6474,101,399,334,457
6576,102,380,343,417
6677,101,374,353,414
6777,100,360,372,419
6879,102,344,368,436
6980,101,330,363,436
7081,101,330,353,430
7183,102,330,341,453
7284,101,322,331,457
7385,101,323,319,478
7486,101,339,296,476
7587,101,354,285,476
7689,102,374,286,482
7790,101,391,305,476
7890,100,405,320,465
7992,102,391,337,434
8093,101,380,340,430
8195,102,369,358,418
8296,101,367,369,427
8396,100,331,364,416
8498,102,325,364,442
8599,101,327,345,464
8700,101,322,334,483
8802,102,349,324,479
8903,101,363,302,494
9004,101,359,303,474
9105,101,374,299,472
9206,101,375,299,478
9308,102,396,314,476
9409,101,386,327,460
9509,100,386,347,442
9611,102,375,353,436
9712,101,366,364,423
9814,102,354,368,432
9915,101,337,368,422
10015,100,319,367,428
10117,102,303,355,446
10218,101,317,334,475
10319,101,324,329,488
10421,102,341,316,474
10522,101,354,303,472
10624,102,371,300,488
10725,101,367,300,479
10825,100,381,308,483
10927,102,393,325,464
11028,101,392,334,453
11129,101,373,353,436
11231,102,363,359,428
11332,101,343,366,428
11433,101,333,360,428
11534,101,328,359,429
11635,101,307,352,430
11737,102,313,332,467
11838,101,335,314,482
11939,101,349,301,481
12041,102,357,292,472
12142,101,374,295,484
12242,100,380,308,482
12344,102,392,315,469
12445,101,384,335,446
12547,102,382,351,428
12648,101,368,361,430
12749,101,353,373,420
12851,102,327,366,422
12951,100,318,351,434
13052,101,302,346,441
13154,102,295,317,480
13255,101,325,323,462
13357,102,335,292,484
13458,101,377,286,480
13559,101,381,288,474
13660,101,403,301,490
13761,101,388,315,443
13862,101,398,330,439
13964,102,391,346,421
14065,101,373,359,434
14167,102,352,374,421
14268,101,339,358,434
14368,100,318,358,435
14470,102,315,344,449
14571,101,331,326,475
14672,101,333,308,475
14774,102,356,292,478
14875,101,374,294,468
14977,102,373,284,477
15077,100,391,295,484
15178,101,401,311,465
15280,102,390,329,445
15381,101,377,346,428
15482,101,366,357,423
15584,102,358,357,434
15685,101,337,353,442
15785,100,328,358,434
15887,102,320,343,443
15988,101,312,336,454
16090,102,334,327,470
16191,101,343,295,486
16292,101,363,290,470
16394,102,377,277,481
16494,100,379,287,482
16595,101,388,299,478
16697,102,405,330,450
16798,101,392,343,419
16900,102,368,346,428
17001,101,365,354,434
17102,101,347,356,426
17203,101,316,365,427
17304,101,338,368,406
17405,101,306,340,435
17507,102,336,329,450
17608,101,347,309,465
17710,102,362,291,470
17811,101,384,284,485
17911,100,377,293,480
18013,102,393,315,466
18114,101,409,336,444
18215,101,373,339,420
18317,102,372,366,404
18418,101,350,370,430
18520,102,338,370,438
18620,100,329,356,444
18721,101,332,353,442
18823,102,330,348,472
18924,101,333,327,473
19025,101,348,304,489
19127,102,345,291,479
19228,101,365,291,487
19329,101,369,299,479
19430,101,388,317,466
19531,101,381,328,440
19633,102,388,332,453
19734,101,387,336,440
19835,101,375,352,432
19937,102,355,361,424
20037,100,334,358,428
20139,102,328,349,436
20240,101,324,345,436
20341,101,325,321,482
20443,102,332,323,471
20544,101,342,305,466
20645,101,349,290,478
20746,101,359,282,472
20847,101,385,285,486
20948,101,384,288,472
21050,102,391,306,461
21151,101,386,320,464
21253,102,373,333,445
21354,101,367,345,431
21454,100,356,356,428
21556,102,337,355,432
21657,101,328,357,428
21758,101,317,347,441
21860,102,355,351,462
21961,101,308,330,446
22063,102,329,333,461
22163,100,360,320,493
22264,101,360,306,484
22366,102,358,288,485
22467,101,372,311,476
22568,101,379,315,480
22670,102,379,327,474
22771,101,371,334,463
22872,101,380,340,445
22973,101,365,362,417
23074,101,361,355,434
23176,102,333,361,425
23277,101,329,344,450
23378,101,344,348,454
23480,102,348,336,453
23580,100,332,327,456
23682,102,352,309,486
23783,101,363,332,438
23884,101,368,301,492
23986,102,381,299,491
24087,101,375,319,473
24188,101,378,328,487
24289,101,396,351,447
24390,101,393,360,415
24492,102,392,360,416
24593,101,363,362,432
24694,101,350,346,447
24796,102,325,343,440
24897,101,332,354,435
24997,100,331,339,482
25099,102,330,313,505
25200,101,340,292,487
25302,102,364,298,467
25403,101,357,294,463
25504,101,383,282,496
25606,102,419,310,470
25706,100,386,321,453
25807,101,395,337,433
25909,102,366,343,411
26010,101,349,358,419
26112,102,341,351,422
26213,101,327,355,412
26314,101,325,346,441
26415,101,331,329,475
26516,101,350,334,455
26617,101,336,300,471
26719,102,357,288,459
26820,101,348,275,481
26921,101,368,300,472
27023,102,392,326,467
27123,100,378,319,471
27225,102,371,331,447
27326,101,360,344,438
27427,101,359,361,431
27529,102,352,360,431
27630,101,348,367,419
27731,101,323,353,425
27832,101,325,345,462
27933,101,314,333,467
28035,102,320,322,461
28136,101,344,308,489
28237,101,361,285,498
28339,102,352,294,456
28440,101,384,298,482
28540,100,409,309,487
28642,102,392,319,471
28743,101,385,341,436
28845,102,383,342,439
28946,101,373,351,414
29047,101,365,364,427
29149,102,350,357,423
29249,100,320,338,439
29350,101,333,347,439
29452,102,342,322,487
29553,101,351,321,468
29655,102,370,325,446
29756,101,388,295,489
29857,101,389,300,477
29958,101,403,312,477
30059,101,413,330,464
30160,101,390,338,458
30262,102,382,350,432
30363,101,375,355,431
30465,102,354,366,420
30566,101,361,361,441
30666,100,332,353,442
30768,102,335,346,454
30869,101,340,335,464
30970,101,328,313,481
31072,102,390,311,498
31173,101,332,298,464
31275,102,379,295,481
31375,100,431,315,499
31476,101,423,319,474
31578,102,405,345,434
31679,101,404,356,433
31780,101,363,353,413
31882,102,345,355,421
31983,101,336,350,424
32083,100,340,345,452
32185,102,340,341,450
32286,101,314,333,454
32388,102,353,320,457
32489,101,390,297,514
32590,101,365,302,476
32692,102,383,289,491
32792,100,421,322,481
32893,101,417,329,438
32995,102,403,336,429
33096,101,378,344,418
33198,102,368,347,432
33299,101,368,370,424
33400,101,329,360,411
33501,101,333,350,441
33602,101,316,339,442
33703,101,336,327,465
33805,102,347,313,476
33906,101,353,303,476
34008,102,371,287,483
34109,101,389,300,477
34209,100,423,307,479
34311,102,416,333,439
34412,101,397,340,422
34513,101,381,345,431
34615,102,366,359,424
34716,101,350,364,428
34818,102,335,355,436
34918,100,326,362,422
35019,101,338,338,458
35121,102,322,331,468
35222,101,364,317,492
35323,101,393,312,494
35425,102,366,293,486
35526,101,387,311,472
35627,101,378,312,482
35728,101,395,324,469
35829,101,386,333,456
35931,102,371,339,427
36032,101,380,354,420
36133,101,373,356,422
36235,102,355,369,415
36335,100,318,364,435
36436,101,335,353,451
36538,102,327,343,457
36639,101,331,323,481
36741,102,361,312,487
36842,101,357,283,479
36943,101,358,288,485
37044,101,380,296,478
37145,101,403,306,481
37246,101,396,323,437
37348,102,385,324,449
37449,101,374,348,428
37551,102,361,351,427
37652,101,347,361,430
37752,100,331,357,425
37854,102,327,350,432
37955,101,337,327,428
38056,101,356,340,423
38158,102,354,295,496
38259,101,372,296,497
38361,102,356,290,474
38461,100,345,296,469
38562,101,381,306,471
38664,102,405,312,473
38765,101,380,328,437
38866,101,375,342,429
38968,102,363,359,418
39069,101,340,367,421
39170,101,338,361,441
39271,101,322,347,430
39372,101,327,337,455
39474,102,321,327,465
39575,101,326,320,467
39676,101,330,307,456
39778,102,369,296,474
39878,100,358,291,477
39980,102,375,292,475
40081,101,362,285,482
40182,101,391,310,471
40284,102,390,325,445
40385,101,384,337,439
40486,101,379,353,423
40587,101,348,363,434
40688,101,349,357,445
40790,102,338,360,443
40891,101,337,358,429
40992,101,324,349,455
41094,102,344,340,454
41195,101,328,311,481
41295,100,340,302,468
41397,102,359,287,488
41498,101,355,280,473
41600,102,379,302,463
41701,101,381,283,495
41802,101,404,312,472
41904,102,385,328,431
42004,100,379,329,434
42105,101,371,339,424
42207,102,357,358,434
42308,101,345,358,438
42409,101,329,355,428
42511,102,308,349,426
42612,101,329,336,450
42713,101,326,329,455
42814,101,331,300,479
42915,101,352,290,494
43017,102,351,288,468
43118,101,356,287,453
43219,101,377,280,469
43321,102,400,296,472
43421,100,395,311,460
43523,102,388,325,451
43624,101,370,343,432
43725,101,363,350,433
43827,102,347,355,440
43928,101,336,356,433
44029,101,328,359,436
44130,101,335,348,439
44231,101,311,345,433
44333,102,309,320,466
44434,101,306,285,480
44535,101,339,278,489
44637,102,353,283,475
44738,101,371,289,485
44838,100,367,288,484
44940,102,381,303,458
45041,101,383,327,434
45143,102,378,340,438
45244,101,358,348,428
45345,101,344,369,427
45447,102,339,353,447
45547,100,335,361,433
45648,101,320,350,439
45750,102,326,331,449
45851,101,319,314,477
45953,102,341,301,504
46054,101,352,283,498
46155,101,367,286,476
46256,101,362,294,463
46357,101,360,302,463
46458,101,383,302,471
46560,102,390,312,470
46661,101,377,326,446
46763,102,365,338,428
46864,101,361,350,431
46964,100,347,359,434
47066,102,333,353,437
47167,101,327,350,442
47268,101,311,340,440
47370,102,317,334,451
47471,101,331,312,476
47572,101,343,283,501
47673,101,350,276,485
47774,101,361,280,478
47876,102,352,288,460
47977,101,398,295,471
48078,101,410,303,469
48180,102,381,323,442
48281,101,371,337,427
48381,100,361,365,415
48483,102,354,364,438
48584,101,330,351,425
48686,102,307,364,419
48787,101,310,331,451
48888,101,332,326,471
48990,102,346,312,481
49090,100,369,301,477
49191,101,365,285,469
49293,102,358,292,465
49394,101,377,283,484
49496,102,401,296,478
49597,101,394,319,446
49698,101,379,331,436
49799,101,374,346,424
49900,101,357,364,426
50001,101,346,360,429
50103,102,330,362,428
50204,101,312,351,429
50306,102,331,341,453
50407,101,326,324,467
50507,100,358,327,454
50609,102,343,305,437
50710,101,368,267,473
50811,101,372,275,478
50913,102,396,291,476
51014,101,402,309,463
51116,102,395,325,436
51216,100,376,342,420
51317,101,354,354,415
51419,102,346,359,432
51520,101,336,360,428
51621,101,310,334,465
51723,102,340,329,458
51824,101,332,313,483
51924,100,369,290,505
52026,102,388,294,486
52127,101,379,293,479
52229,102,377,294,471
52330,101,395,311,470
52431,101,397,317,469
52533,102,384,325,459
52633,100,365,345,428
52734,101,356,348,433
52836,102,344,360,433
52937,101,341,365,420
53039,102,319,346,443
53140,101,328,334,479
53241,101,324,318,486
53342,101,351,303,471
53443,101,395,299,508
53544,101,376,286,487
53646,102,384,299,469
53747,101,409,309,475
53849,102,404,319,466
53950,101,372,333,440
54050,100,361,349,409
54152,102,366,347,437
54253,101,344,356,429
54354,101,339,361,419
54456,102,316,350,440
54557,101,342,359,448
54659,102,333,333,477
54759,100,332,320,469
54860,101,366,300,514
54962,102,357,291,490
55063,101,373,298,474
55164,101,378,319,460
55266,102,400,313,497
55367,101,385,320,457
55468,101,378,329,435
55569,101,375,344,440
55670,101,369,359,423
55772,102,351,360,426
55873,101,341,363,430
55974,101,321,343,457
56076,102,322,329,474
56176,100,355,331,476
56278,102,339,319,473
56379,101,365,315,479
56480,101,373,312,471
56582,102,363,284,496
56683,101,392,302,479
56784,101,394,315,471
56885,101,405,337,444
56986,101,383,336,436
57088,102,381,347,420
57189,101,345,352,425
57290,101,345,353,418
57392,102,317,348,433
57493,101,321,347,439
57593,100,333,347,442
57695,102,378,346,442
57796,101,370,288,513
57897,101,361,309,456
57999,102,351,283,494
58100,101,390,301,473
58202,102,384,300,478
58302,100,397,323,454
58403,101,383,345,415
58505,102,373,348,438
58606,101,357,354,453
58707,101,324,360,426
58809,102,320,352,422
58910,101,303,350,432
59011,101,326,344,452
59112,101,328,325,453
59213,101,329,310,460
59315,102,356,298,476
59416,101,342,292,460
59517,101,358,288,475
59619,102,382,300,474
59719,100,392,303,467
59821,102,386,313,452
59922,101,379,337,428
60023,101,369,353,421
60125,102,340,359,428
60226,101,343,361,422
60327,101,338,359,428
60428,101,326,345,441
60529,101,338,346,443
60631,102,330,322,447
60732,101,338,312,458
60833,101,358,305,451
60935,102,372,301,459
