Time,Delta Time,X,Y,Z
590789,0,340,327,439
590891,102,346,266,572
590586,-305,350,310,472
590688,102,335,319,456
590789,101,340,327,439
590891,102,346,266,572
0,-590891,499,310,542
100,100,484,349,425
201,101,422,356,390
303,102,350,339,357
404,101,274,328,367
504,100,232,304,454
606,102,243,273,553
707,101,437,287,612
808,101,448,299,516
909,101,451,354,417
1010,101,414,355,400
1112,102,345,340,360
1213,101,292,339,362
1314,101,268,317,444
1415,101,257,285,570
1516,101,447,281,628
1617,101,475,329,482
1719,102,473,343,429
1820,101,427,355,368
1922,102,344,345,324
2022,100,267,328,376
2123,101,207,271,504
2225,102,354,285,581
2326,101,467,310,559
2427,101,503,345,437
2528,101,435,357,356
2629,101,318,335,319
2731,102,219,309,377
2832,101,224,280,516
2933,101,374,272,612
3034,101,524,317,553
3135,101,464,328,437
3236,101,415,367,347
3338,102,344,345,331
3439,101,245,311,381
3540,101,201,276,524
3641,101,332,252,587
3742,101,554,278,602
3844,102,484,335,402
3945,101,421,344,343
4046,101,312,336,334
4147,101,243,314,407
4248,101,225,279,519
4349,101,385,255,595
4451,102,527,321,555
4552,101,494,351,411
4653,101,404,344,365
4754,101,336,338,335
4855,101,234,320,389
4957,102,261,292,512
5058,101,349,272,593
5159,101,516,322,552
5260,101,495,349,436
5361,101,427,363,354
5463,102,364,347,334
5564,101,272,323,362
5665,101,219,294,449
5766,101,328,266,590
5867,101,461,304,594
5968,101,468,328,492
6070,102,462,360,357
6171,101,334,299,352
6272,101,293,350,374
6373,101,250,347,445
6474,101,271,272,533
6576,102,426,282,617
6677,101,473,331,508
6777,100,449,354,408
6879,102,390,355,360
6980,101,311,353,363
7081,101,294,336,406
7183,102,230,320,469
7284,101,316,269,604
7385,101,501,319,573
7486,101,470,338,472
7587,101,432,375,361
7689,102,378,351,337
7790,101,270,339,368
7890,100,273,321,459
7992,102,304,285,565
8093,101,481,311,586
8195,102,513,347,504
8296,101,445,355,406
8396,100,385,354,355
8498,102,307,341,365
8599,101,253,320,415
8700,101,248,300,524
8802,102,407,300,596
8903,101,491,340,516
9004,101,483,354,430
9105,101,412,362,365
9206,101,328,342,355
9308,102,257,334,387
9409,101,247,316,478
9509,100,363,280,578
9611,102,470,310,564
9712,101,508,342,480
9814,102,454,362,388
9915,101,384,351,347
10016,101,303,351,365
10117,101,289,324,419
10218,101,270,287,512
10319,101,434,266,605
10421,102,482,326,502
10522,101,462,354,416
10624,102,408,372,333
10725,101,345,351,360
10825,100,305,342,390
10927,102,236,297,472
11028,101,296,236,571
11129,101,506,313,569
11231,102,445,335,449
11332,101,441,374,361
11433,101,408,366,341
11534,101,308,338,357
11635,101,277,317,434
11737,102,238,269,509
11838,101,457,262,623
11939,101,469,312,522
12041,102,444,350,426
12142,101,394,366,345
12242,100,344,325,363
12344,102,262,318,400
12445,101,223,291,479
12547,102,385,236,577
12648,101,513,312,585
12749,101,486,346,459
12851,102,436,365,368
12951,100,371,328,336
13052,101,278,321,374
13154,102,257,293,466
13255,101,257,233,576
13357,102,500,287,614
13458,101,473,320,496
13559,101,457,353,395
13660,101,410,347,335
13761,101,251,306,355
13862,101,287,320,415
13964,102,255,269,553
14065,101,427,285,613
14167,102,500,331,511
14268,101,489,362,399
14368,100,397,340,339
14470,102,305,320,334
14571,101,288,332,404
14672,101,257,285,528
14774,102,421,260,619
14875,101,502,338,524
14977,102,463,364,407
15077,100,437,360,340
15178,101,293,317,353
15280,102,253,308,405
15381,101,187,252,530
15482,101,374,249,568
15584,102,488,316,531
15685,101,465,343,443
15785,100,423,356,343
15887,102,344,340,304
15988,101,264,307,399
16090,102,191,244,520
16191,101,469,287,575
16292,101,502,345,556
16394,102,477,365,444
16494,100,410,363,360
16595,101,349,341,316
16697,102,279,340,354
16798,101,244,292,478
16900,102,347,232,580
17001,101,531,355,516
17102,101,486,361,472
17203,101,459,377,372
17304,101,415,358,334
17405,101,291,335,358
17507,102,285,315,432
17608,101,257,301,499
17710,102,383,266,611
17811,101,490,332,541
17911,100,462,354,433
18013,102,426,367,359
18114,101,331,347,324
18215,101,245,333,370
18317,102,247,311,466
18418,101,288,263,584
18520,102,481,307,574
18620,100,487,339,469
18721,101,429,349,374
18823,102,370,340,297
18924,101,248,313,367
19025,101,266,289,486
19127,102,290,277,561
19228,101,431,279,599
19329,101,474,326,499
19430,101,445,359,391
19531,101,401,340,339
19633,102,298,343,349
19734,101,261,319,404
19835,101,228,265,488
19937,102,372,271,604
20037,100,518,344,532
20139,102,461,354,436
20240,101,416,374,341
20341,101,353,341,333
20443,102,243,307,386
20544,101,194,272,547
20645,101,379,284,617
20746,101,507,336,550
20847,101,449,351,445
20948,101,408,372,357
21050,102,346,336,342
21151,101,278,344,364
21253,102,293,304,472
21354,101,326,273,591
21454,100,453,328,571
21556,102,493,359,484
21657,101,438,374,385
21758,101,405,356,349
21860,102,306,335,357
21961,101,272,309,424
22063,102,251,294,532
22163,100,404,273,618
22264,101,516,338,529
22366,102,465,352,445
22467,101,408,378,343
22568,101,344,354,324
22670,102,231,296,409
22771,101,231,289,442
22872,101,297,261,596
22973,101,575,353,551
23074,101,466,340,472
23176,102,413,374,358
23277,101,368,354,312
23378,101,301,337,374
23480,102,275,310,466
23580,100,296,237,588
23682,102,523,321,545
23783,101,530,368,466
23884,101,444,361,403
23986,102,389,368,318
24087,101,319,342,376
24188,101,278,299,460
24289,101,278,260,548
24390,101,436,290,592
24492,102,552,374,511
24593,101,474,353,449
24694,101,402,363,360
24796,102,339,354,350
24897,101,290,332,378
24997,100,264,311,444
25099,102,299,231,595
25200,101,464,286,566
25302,102,488,323,477
25403,101,414,338,391
25504,101,389,354,358
25606,102,332,358,359
25706,100,269,319,400
25807,101,208,245,516
25909,102,377,217,639
26010,101,489,280,560
26112,102,440,313,459
26213,101,420,353,377
26314,101,394,353,356
26415,101,286,354,344
26516,101,249,319,392
26617,101,228,263,491
26719,102,378,226,623
26820,101,488,287,537
26921,101,481,330,428
27023,102,420,349,368
27123,100,381,337,348
27225,102,288,336,360
27326,101,253,301,411
27427,101,260,220,613
27529,102,415,272,607
27630,101,463,303,503
27731,101,459,335,427
27832,101,405,346,357
27933,101,323,343,336
28035,102,243,300,399
28136,101,228,266,518
28237,101,374,231,613
28339,102,574,316,547
28440,101,469,322,429
28540,100,414,346,321
28642,102,327,325,338
28743,101,239,316,412
28845,102,232,273,544
28946,101,350,225,619
29047,101,547,313,564
29149,102,443,325,452
29249,100,404,353,333
29350,101,329,330,345
29452,102,266,320,395
29553,101,229,282,500
29655,102,316,268,563
29756,101,467,276,586
29857,101,490,316,451
29958,101,438,343,378
30059,101,358,353,320
30160,101,299,340,365
30262,102,268,316,465
30363,101,311,261,641
30465,102,453,322,566
30566,101,501,333,499
30666,100,437,340,394
30768,102,383,361,332
30869,101,305,335,336
30970,101,264,306,456
31072,102,259,241,600
31173,101,386,267,579
31275,102,537,314,542
31375,100,441,337,401
31476,101,398,355,339
31578,102,331,354,345
31679,101,241,291,409
31780,101,254,263,517
31882,102,366,263,589
31983,101,460,290,558
32083,100,460,323,445
32185,102,432,347,377
32286,101,366,346,337
32388,102,279,324,381
32489,101,226,315,429
32590,101,300,251,540
32692,102,400,234,608
32792,100,480,309,484
32893,101,430,339,368
32995,102,382,347,324
33096,101,289,332,360
33198,102,257,302,453
33299,101,283,250,542
33400,101,442,237,611
33501,101,496,291,514
33602,101,440,324,399
33703,101,416,343,348
33805,102,308,335,355
33906,101,233,327,409
34008,102,239,291,521
34109,101,358,246,579
34209,100,471,273,553
34311,102,469,310,443
34412,101,430,339,379
34513,101,362,363,333
34615,102,258,341,366
34716,101,249,301,477
34818,102,294,251,569
34918,100,467,278,560
35019,101,496,303,472
35121,102,450,337,382
35222,101,385,359,332
35323,101,270,333,360
35425,102,278,328,430
35526,101,285,272,557
35627,101,402,256,596
35728,101,490,297,518
35829,101,466,332,430
35931,102,431,357,363
36032,101,329,360,331
36133,101,251,310,402
36235,102,232,284,485
36335,100,300,267,536
36436,101,498,261,600
36538,102,484,297,456
36639,101,448,336,355
36741,102,376,337,348
36842,101,296,326,372
36943,101,224,311,434
37044,101,310,263,572
37145,101,478,281,596
37246,101,467,306,488
37348,102,451,359,348
37449,101,396,349,347
37551,102,294,340,347
37652,101,247,315,421
37752,100,253,278,532
37854,102,375,266,595
37955,101,495,301,537
38056,101,461,341,400
38158,102,405,350,354
38259,101,335,337,331
38361,102,274,316,408
38461,100,278,270,544
38562,101,356,266,605
38664,102,468,306,546
38765,101,457,328,444
38866,101,412,354,355
38968,102,371,350,328
39069,101,257,315,385
39170,101,214,293,482
39271,101,313,263,595
39372,101,448,289,559
39474,102,468,318,455
39575,101,433,343,369
39676,101,393,353,339
39778,102,270,329,368
39878,100,239,310,406
39980,102,254,217,579
40081,101,470,250,625
40182,101,443,282,511
40284,102,452,344,390
40385,101,414,356,351
40486,101,314,342,355
40587,101,219,312,380
40688,101,195,250,504
40790,102,287,249,596
40891,101,458,274,587
40992,101,490,327,451
41094,102,453,359,359
41195,101,378,321,328
41295,100,281,347,318
41397,102,273,291,464
41498,101,306,253,580
41600,102,428,223,602
41701,101,489,289,490
41802,101,475,343,373
41904,102,384,338,336
42004,100,310,344,362
42105,101,286,323,418
42207,102,228,262,492
42308,101,338,244,585
42409,101,480,272,564
42511,102,464,320,449
42612,101,422,359,320
42713,101,345,334,348
42814,101,272,304,389
42915,101,233,262,488
43017,102,387,238,594
43118,101,561,282,565
43219,101,512,319,413
43321,102,452,344,342
43421,100,349,330,310
43523,102,247,315,373
43624,101,253,279,493
43725,101,332,237,595
43827,102,528,291,555
43928,101,488,334,445
44029,101,453,351,373
44130,101,363,329,326
44231,101,279,319,350
44333,102,243,301,452
44434,101,265,264,530
44535,101,426,242,609
44637,102,506,297,495
44738,101,463,332,405
44838,100,430,344,353
44940,102,331,335,343
45041,101,287,317,402
45143,102,218,254,533
45244,101,328,245,564
45345,101,525,309,543
45447,102,493,334,457
45547,100,431,354,378
45648,101,371,351,322
45750,102,271,315,360
45851,101,296,276,474
45953,102,279,228,564
46054,101,475,257,565
46155,101,501,311,480
46256,101,451,349,387
46357,101,383,344,352
46458,101,282,332,354
46560,102,271,310,403
46661,101,218,225,555
46763,102,404,235,565
46864,101,481,292,535
46964,100,459,334,435
47066,102,454,359,358
47167,101,310,325,338
47268,101,258,331,362
47370,102,204,273,458
47471,101,304,240,543
47572,101,446,258,600
47673,101,473,298,505
47774,101,465,345,397
47876,102,397,346,326
47977,101,320,331,316
48078,101,292,297,423
48180,102,229,249,568
48281,101,398,280,584
48381,100,511,306,564
48483,102,472,344,421
48584,101,415,354,325
48686,102,344,330,335
48787,101,246,305,380
48888,101,241,266,492
48990,102,358,243,639
49090,100,529,312,588
49191,101,466,347,416
49293,102,412,361,329
49394,101,359,327,358
49496,102,277,324,377
49597,101,276,322,429
49698,101,285,218,607
49799,101,450,277,586
49900,101,502,319,497
50001,101,460,356,386
50103,102,397,347,342
50204,101,305,343,321
50306,102,262,317,417
50407,101,252,269,512
50507,100,355,264,624
50609,102,464,314,544
50710,101,497,336,436
50811,101,439,350,351
50913,102,339,339,316
51014,101,298,311,397
51116,102,234,309,444
51216,100,351,246,641
51317,101,454,300,560
51419,102,458,315,496
51520,101,430,358,368
51621,101,368,338,334
51723,102,292,350,333
51824,101,225,282,447
51924,100,270,230,581
52026,102,498,277,633
52127,101,464,296,483
52229,102,437,347,354
52330,101,386,343,329
52431,101,277,326,366
52533,102,176,291,457
52633,100,280,253,553
52734,101,457,244,627
52836,102,460,289,487
52937,101,441,354,379
53039,102,390,361,318
53140,101,277,340,352
53241,101,252,303,430
53342,101,259,235,553
53443,101,412,287,607
53544,101,502,319,504
53646,102,452,346,388
53747,101,400,361,342
53849,102,311,349,351
53950,101,275,310,427
54050,100,279,262,520
54152,102,415,255,644
54253,101,485,300,554
54354,101,476,351,402
54456,102,429,351,362
54557,101,338,326,335
54659,102,281,302,402
54759,100,265,266,526
54860,101,448,289,635
54962,102,472,296,546
55063,101,460,337,423
55164,101,417,351,357
55266,102,314,342,310
55367,101,253,323,370
55468,101,216,261,521
55569,101,358,223,613
55670,101,530,271,591
55772,102,454,304,427
55873,101,423,356,337
55974,101,348,354,326
56076,102,238,312,403
56176,100,235,270,517
56278,102,325,264,543
56379,101,482,257,605
56480,101,474,307,484
56582,102,462,353,388
56683,101,411,353,327
56784,101,294,344,320
56885,101,275,295,408
56986,101,239,229,581
57088,102,391,237,601
57189,101,484,283,536
57290,101,449,330,422
57392,102,408,357,361
57493,101,320,341,353
57593,100,258,326,385
57695,102,246,266,491
57796,101,312,224,614
57897,101,450,278,572
57999,102,476,314,477
58100,101,421,353,384
58202,102,355,344,330
58302,100,261,328,358
58403,101,240,288,473
58505,102,247,257,546
58606,101,444,270,582
58707,101,435,285,515
58809,102,443,335,435
58910,101,418,350,384
59011,101,327,346,306
59112,101,264,327,369
59213,101,248,295,499
59315,102,285,261,572
59416,101,402,278,555
59517,101,438,299,501
59619,102,426,341,399
59719,100,396,348,330
59821,102,302,344,334
59922,101,221,300,421
60023,101,224,264,508
60125,102,341,235,595
60226,101,444,274,556
60327,101,447,326,433
60428,101,384,344,360
60529,101,323,352,350
60631,102,243,338,355
60732,101,213,292,453
60833,101,266,232,558
60935,102,443,271,585
61036,101,462,314,471
