Time,Delta Time,X,Y,Z
10319,0,349,316,454
10421,102,354,314,454
10218,-203,360,318,452
10319,101,349,316,454
10421,102,354,314,454
10218,-203,360,318,452
10319,101,349,316,454
10421,102,354,314,454
100,-10321,356,298,469
201,101,372,304,471
303,102,381,313,464
404,101,399,323,469
504,100,379,337,451
606,102,366,346,440
707,101,365,352,434
808,101,357,359,434
909,101,351,360,428
1010,101,340,359,420
1112,102,346,350,442
1213,101,316,334,458
1314,101,342,329,477
1415,101,356,307,475
1516,101,383,313,475
1617,101,364,299,473
1719,102,365,311,470
1820,101,372,313,482
1922,102,376,324,461
2022,100,370,331,463
2123,101,373,341,461
2225,102,367,347,427
2326,101,351,352,429
2427,101,357,363,431
2528,101,331,354,443
2629,101,320,351,419
2731,102,320,335,443
2832,101,336,331,445
2933,101,340,298,482
3034,101,357,299,463
3135,101,378,289,481
3236,101,379,289,483
3338,102,384,299,476
3439,101,371,305,463
3539,100,370,327,447
3641,102,375,345,435
3742,101,369,345,438
3844,102,355,351,437
3945,101,345,355,423
4046,101,341,357,433
4147,101,319,343,437
4248,101,306,318,451
4349,101,323,305,476
4451,102,333,293,473
4552,101,344,278,500
4653,101,368,279,485
4754,101,374,282,487
4855,101,376,295,474
4957,102,386,313,446
5058,101,392,331,441
5158,100,374,344,427
5260,102,374,361,416
5361,101,349,363,424
5463,102,325,358,423
5564,101,305,348,428
5665,101,309,338,450
5766,101,311,320,458
5867,101,316,316,457
5968,101,363,291,496
6070,102,335,279,468
6171,101,373,287,476
6272,101,384,287,490
6373,101,400,307,470
6474,101,392,326,435
6576,102,384,346,439
6677,101,375,351,437
6777,100,352,357,431
6879,102,336,363,424
6980,101,320,351,433
7081,101,311,347,435
7183,102,307,326,441
7284,101,330,318,456
7385,101,380,297,509
7486,101,342,283,486
7587,101,342,285,481
7689,102,366,292,484
7790,101,382,303,472
7890,100,376,329,447
7992,102,378,341,429
8093,101,361,337,445
8195,102,342,362,424
8296,101,349,368,431
8397,101,325,352,430
8498,101,297,348,419
8599,101,311,324,439
8700,101,305,311,478
8802,102,306,293,486
8903,101,352,298,493
9004,101,350,295,481
9105,101,341,294,485
9206,101,382,312,490
9308,102,377,318,450
9409,101,383,334,437
9509,100,372,337,436
9611,102,351,349,430
9712,101,341,367,425
9814,102,327,361,418
9915,101,303,347,424
10016,101,314,332,448
10117,101,322,325,444
10218,101,306,302,462
10319,101,323,277,493
10421,102,355,273,493
10522,101,380,279,478
10624,102,392,289,473
10725,101,406,304,472
10825,100,384,325,444
10927,102,380,336,454
11028,101,361,353,439
11129,101,335,357,429
11231,102,323,359,429
11332,101,303,349,426
11433,101,304,342,429
11534,101,309,324,452
11635,101,309,305,474
11737,102,330,292,489
11838,101,330,284,483
11939,101,347,288,469
12041,102,379,295,483
12142,101,400,309,482
12242,100,376,319,454
12344,102,379,343,439
12445,101,361,353,434
12547,102,342,349,436
12648,101,342,356,434
12749,101,308,355,429
12851,102,303,343,421
12951,100,335,337,451
13052,101,308,308,465
13154,102,300,302,454
13255,101,333,286,480
13357,102,339,285,469
13458,101,349,282,471
13559,101,380,285,493
13660,101,397,310,477
13761,101,382,324,455
13862,101,381,355,420
13964,102,366,353,422
14065,101,357,357,429
14167,102,331,358,417
14268,101,319,350,420
14368,100,318,348,422
14470,102,315,324,446
14571,101,302,295,480
14672,101,333,288,499
14774,102,353,280,499
14875,101,360,281,477
14977,102,397,299,491
15077,100,387,314,466
15178,101,377,322,448
15280,102,367,337,436
15381,101,362,348,431
15482,101,348,358,433
15584,102,331,357,431
15685,101,313,350,439
15785,100,316,347,438
15887,102,307,323,457
15988,101,324,317,465
16090,102,320,300,466
16191,101,345,291,488
16292,101,352,293,470
16394,102,367,294,482
16494,100,379,304,481
16595,101,384,322,460
16697,102,373,337,445
16798,101,369,356,436
16900,102,357,360,433
17001,101,340,365,424
17102,101,331,366,423
17203,101,310,357,430
17304,101,302,342,433
17405,101,309,321,459
17507,102,306,299,488
17608,101,313,287,479
17710,102,343,294,477
17811,101,371,291,489
17911,100,368,297,479
18013,102,381,318,472
18114,101,387,334,460
18215,101,362,345,431
18317,102,346,352,424
18418,101,344,365,432
18520,102,326,364,431
18620,100,304,352,427
18721,101,316,347,454
18823,102,294,328,445
18924,101,325,304,473
19025,101,353,302,490
19127,102,358,293,490
19228,101,367,296,471
19329,101,407,305,492
19430,101,386,318,466
19531,101,375,334,449
19633,102,345,345,437
19734,101,363,370,436
19835,101,344,373,429
19937,102,320,372,421
20037,100,315,363,416
20139,102,334,365,417
20240,101,309,343,435
20341,101,303,306,486
20443,102,344,303,499
20544,101,359,302,483
20645,101,375,300,486
20746,101,389,307,485
20847,101,381,319,475
20948,101,375,334,455
21050,102,379,346,447
21151,101,363,363,423
21253,102,346,363,435
21354,101,337,375,434
21454,100,334,375,438
21556,102,319,356,432
21657,101,315,343,435
21758,101,322,318,473
21860,102,311,307,474
21961,101,325,303,476
22063,102,323,282,481
22163,100,366,287,489
22264,101,371,301,482
22366,102,355,304,472
22467,101,359,325,468
22568,101,365,347,450
22670,102,362,357,449
22771,101,347,360,437
22872,101,331,361,430
22973,101,320,370,422
23074,101,312,359,424
23176,102,311,358,408
23277,101,304,317,472
23378,101,306,297,490
23480,102,345,298,494
23580,100,353,292,489
23682,102,374,295,490
23783,101,391,309,476
23884,101,383,328,454
23986,102,382,347,435
24087,101,367,344,435
24188,101,355,356,430
24289,101,333,364,421
24390,101,320,358,413
24492,102,310,351,432
24593,101,332,343,458
24694,101,313,322,452
24796,102,316,303,465
24897,101,336,292,480
24997,100,341,284,482
25099,102,369,295,484
25200,101,368,304,475
25302,102,381,320,472
25403,101,378,336,448
25504,101,366,350,433
25606,102,370,359,432
25706,100,338,360,423
25807,101,324,365,425
25909,102,303,356,417
26010,101,316,353,425
26112,102,310,325,459
26213,101,310,311,460
26314,101,336,298,498
26415,101,329,298,462
26516,101,353,297,469
26617,101,350,293,479
26719,102,390,307,482
26820,101,387,317,465
26921,101,374,331,450
27023,102,367,352,434
27123,100,348,359,421
27225,102,347,366,429
27326,101,343,367,430
27427,101,311,354,430
27529,102,306,340,456
27630,101,308,331,473
27731,101,322,322,465
27832,101,337,311,480
27933,101,352,307,474
28035,102,358,299,472
28136,101,356,298,471
28237,101,368,302,488
28339,102,386,317,474
28440,101,379,326,454
28540,100,390,345,444
28642,102,369,344,440
28743,101,351,361,428
28845,102,331,364,419
28946,101,330,368,423
29047,101,290,349,437
29149,102,310,345,450
29249,100,292,327,449
29350,101,328,296,498
29452,102,314,292,479
29553,101,326,294,467
29655,102,339,296,460
29756,101,360,282,492
29857,101,387,309,487
29958,101,377,323,446
30059,101,375,339,441
30160,101,352,346,428
30262,102,352,361,426
30363,101,341,360,431
30465,102,325,351,441
30566,101,313,349,439
30666,100,324,339,461
30768,102,311,336,442
30869,101,319,320,463
30970,101,351,306,492
31072,102,353,297,492
31173,101,348,295,478
31275,102,359,300,468
31375,100,370,300,478
31476,101,373,313,460
31578,102,380,329,458
31679,101,363,336,452
31780,101,367,360,430
31882,102,353,361,431
31983,101,355,355,437
32083,100,329,363,432
32185,102,332,351,443
32286,101,319,355,433
32388,102,325,330,466
32489,101,310,313,476
32590,101,333,310,485
32692,102,355,301,484
32792,100,367,300,469
32893,101,375,292,484
32995,102,382,298,485
33096,101,391,317,470
33198,102,379,331,452
33299,101,367,344,438
33400,101,356,354,429
33501,101,341,358,420
33602,101,321,356,425
33703,101,328,346,440
33805,102,309,339,455
33906,101,337,323,477
34008,102,343,304,507
34109,101,366,313,478
34209,100,374,307,472
34311,102,376,297,497
34412,101,382,311,481
34513,101,371,325,463
34615,102,374,344,440
34716,101,357,355,429
34818,102,357,359,441
34918,100,335,361,433
35019,101,335,362,439
35121,102,324,351,448
35222,101,331,352,452
35323,101,315,338,459
35425,102,313,328,462
35526,101,335,311,487
35627,101,349,306,470
35728,101,361,298,471
35829,101,367,296,483
35931,102,373,302,484
36032,101,377,320,469
36133,101,372,327,463
36235,102,365,346,441
36335,100,346,360,430
36436,101,334,366,419
36538,102,312,361,425
36639,101,326,357,444
36741,102,295,332,455
36842,101,313,321,487
36943,101,334,310,503
37044,101,341,298,491
37145,101,343,305,473
37246,101,350,301,488
37348,102,359,309,481
37449,101,372,321,484
37551,102,375,350,453
37652,101,348,349,439
37752,100,368,352,437
37854,102,341,376,417
37955,101,322,372,420
38056,101,325,374,417
38158,102,298,351,439
38259,101,296,340,456
38361,102,303,332,468
38461,100,304,326,454
38562,101,348,307,490
38664,102,370,297,521
38765,101,382,324,476
38866,101,374,329,468
38968,102,374,347,453
39069,101,375,362,443
39170,101,345,363,427
39271,101,337,367,430
39372,101,316,364,426
39474,102,313,355,409
39575,101,318,354,449
39676,101,311,343,475
39778,102,307,327,480
39878,100,354,306,505
39980,102,363,291,500
40081,101,375,312,475
40182,101,394,327,477
40284,102,364,334,461
40385,101,386,348,454
40486,101,375,349,447
40587,101,357,358,436
40688,101,335,369,425
40790,102,317,373,421
40891,101,295,368,425
40992,101,283,353,428
41094,102,300,340,449
41195,101,311,314,481
41295,100,315,304,472
41397,102,336,299,465
41498,101,382,291,496
41600,102,394,308,477
41701,101,383,317,477
41802,101,363,333,455
41904,102,390,358,446
42004,100,359,339,456
42105,101,350,356,425
42207,102,330,367,428
42308,101,310,368,429
42409,101,309,371,421
42511,102,321,368,425
42612,101,313,347,443
42713,101,313,317,481
42814,101,334,319,487
42915,101,342,307,474
43017,102,363,275,517
43118,101,383,299,481
43219,101,381,311,462
43321,102,390,316,485
43421,100,374,336,454
43523,102,377,365,430
43624,101,353,354,442
43725,101,337,354,441
43827,102,313,364,432
43928,101,323,373,422
44029,101,319,379,434
44130,101,299,349,449
44231,101,295,332,462
44333,102,326,334,472
44434,101,348,325,485
44535,101,352,297,484
44637,102,360,293,490
44738,101,370,309,474
44838,100,373,320,478
44940,102,374,336,447
45041,101,377,329,459
45143,102,352,363,425
45244,101,348,374,435
45345,101,342,382,419
45447,102,308,376,414
45547,100,306,368,437
45648,101,292,348,449
45750,102,297,338,444
45851,101,317,333,445
45953,102,333,309,474
46054,101,371,314,468
46155,101,358,291,487
46256,101,394,321,471
46357,101,399,317,487
46458,101,388,332,457
46560,102,383,349,428
46661,101,361,358,431
46763,102,347,367,421
46864,101,334,375,432
46964,100,315,370,421
47066,102,294,358,431
47167,101,301,335,453
47268,101,310,338,447
47370,102,296,295,492
47471,101,315,289,475
47572,101,334,280,473
47673,101,345,276,485
47774,101,357,286,482
47876,102,379,305,468
47977,101,369,321,459
48078,101,372,346,437
48180,102,352,352,421
48281,101,330,368,422
48381,100,300,361,430
48483,102,309,356,427
48584,101,312,351,435
48686,102,311,336,455
48787,101,313,325,463
48888,101,304,315,458
48990,102,336,295,490
49090,100,358,287,486
49191,101,347,290,472
49293,102,387,303,483
49394,101,384,313,467
49496,102,369,327,449
49597,101,361,342,437
49698,101,334,362,423
49799,101,324,371,437
49900,101,330,374,437
50001,101,299,366,436
50103,102,291,359,418
50204,101,264,340,437
50306,102,298,328,465
50407,101,294,298,489
50507,100,334,310,476
50609,102,354,292,482
50710,101,350,290,472
50811,101,360,295,479
50913,102,385,315,476
51014,101,388,331,449
51116,102,375,340,436
51216,100,373,347,424
51317,101,335,367,401
51419,102,317,381,431
51520,101,307,370,428
51621,101,285,352,421
51723,102,293,332,452
51824,101,289,314,479
51924,100,320,300,497
52026,102,353,299,473
52127,101,360,296,473
52229,102,368,296,483
52330,101,395,305,491
52431,101,374,318,451
52533,102,373,338,435
52633,100,355,368,419
52734,101,334,377,432
52836,102,328,377,419
52937,101,303,368,415
53039,102,292,340,442
53140,101,302,332,478
53241,101,307,327,472
53342,101,312,309,486
53443,101,331,301,477
53544,101,341,288,492
53646,102,372,294,483
53747,101,388,306,485
53849,102,396,320,457
53950,101,370,343,438
54050,100,371,350,444
54152,102,354,377,422
54253,101,330,377,417
54354,101,305,366,415
54456,102,303,365,425
54557,101,303,341,465
54659,102,308,346,471
54759,100,286,319,464
54860,101,344,314,465
54962,102,332,294,479
55063,101,336,298,475
55164,101,364,292,500
55266,102,395,322,480
55367,101,377,327,458
55468,101,384,335,446
55569,101,353,350,431
55670,101,356,367,423
55772,102,333,379,407
55873,101,284,368,422
55974,101,309,362,447
56076,102,294,337,464
56176,100,316,337,473
56278,102,337,329,475
56379,101,349,309,488
56480,101,362,297,496
56582,102,371,306,477
56683,101,391,319,471
56784,101,389,327,472
56885,101,377,343,447
56986,101,383,355,452
57088,102,375,367,431
57189,101,350,378,415
57290,101,334,375,423
57392,102,329,368,433
57493,101,312,375,424
57593,100,293,357,452
57695,102,303,340,488
57796,101,327,310,517
57897,101,350,313,480
57999,102,361,302,477
58100,101,387,312,490
58202,102,385,324,473
58302,100,383,326,475
58403,101,378,346,448
58505,102,367,359,416
58606,101,351,366,426
58707,101,331,368,403
58809,102,316,371,413
58910,101,287,351,429
59011,101,325,354,458
59112,101,317,331,481
59213,101,336,304,494
59315,102,363,290,505
59416,101,393,321,476
59517,101,393,332,476
59619,102,387,353,432
59719,100,378,365,424
59821,102,338,361,412
59922,101,346,380,428
60023,101,323,379,415
60125,102,328,367,432
60226,101,329,351,469
60327,101,326,334,471
60428,101,314,311,490
60529,101,352,303,507
60631,102,373,305,485
60732,101,379,316,483
60833,101,427,316,490
60935,102,394,323,464
