Time,Delta Time,X,Y,Z
14368,0,374,304,477
14470,102,354,308,451
14571,101,360,313,452
14672,101,350,316,446
14368,-304,374,304,477
14470,102,354,308,451
14571,101,360,313,452
14672,101,350,316,446
0,-14672,360,308,480
100,100,367,310,481
201,101,369,327,463
303,102,375,331,471
404,101,373,347,425
504,100,361,342,439
606,102,360,352,431
707,101,346,367,438
808,101,333,362,436
909,101,326,361,435
1010,101,328,350,463
1112,102,322,337,456
1213,101,308,316,459
1314,101,332,309,488
1415,101,332,304,474
1516,101,382,311,483
1617,101,367,307,475
1719,102,368,308,483
1820,101,362,321,480
1922,102,365,333,457
2022,100,377,349,440
2123,101,368,354,431
2225,102,350,356,423
2326,101,341,359,430
2427,101,323,361,424
2528,101,355,356,443
2629,101,313,323,461
2731,102,329,324,471
2832,101,323,306,481
2933,101,345,307,496
3034,101,362,310,472
3135,101,371,306,488
3236,101,383,323,475
3338,102,370,329,456
3439,101,369,344,439
3539,100,377,348,452
3641,102,355,345,442
3742,101,346,357,431
3844,102,334,364,421
3945,101,313,357,424
4046,101,316,329,460
4147,101,344,323,478
4248,101,336,301,496
4349,101,367,303,491
4451,102,355,288,494
4552,101,357,291,482
4653,101,375,310,469
4754,101,368,319,459
4855,101,367,335,440
4957,102,360,345,453
5058,101,354,349,446
5158,100,341,357,435
5260,102,333,353,431
5361,101,319,349,421
5463,102,320,347,432
5564,101,317,325,452
5665,101,299,313,464
5766,101,319,296,480
5867,101,339,283,491
5968,101,367,288,487
6070,102,388,294,500
6171,101,379,304,476
6272,101,381,322,464
6373,101,350,335,444
6474,101,364,358,420
6576,102,351,359,423
6677,101,338,366,431
6777,100,334,360,432
6879,102,324,359,425
6980,101,311,343,432
7081,101,315,317,461
7183,102,311,304,487
7284,101,347,292,478
7385,101,333,289,492
7486,101,348,295,481
7587,101,374,295,492
7689,102,377,313,479
7790,101,360,328,441
7890,100,359,339,423
7992,102,357,346,437
8093,101,347,359,440
8195,102,335,357,440
8296,101,318,354,433
8397,101,321,350,440
8498,101,323,327,459
8599,101,313,318,448
8700,101,326,301,476
8802,102,354,293,501
8903,101,357,291,473
9004,101,382,292,484
9105,101,388,305,486
9206,101,384,312,467
9308,102,375,336,444
9409,101,368,347,433
9509,100,356,357,429
9611,102,335,368,411
9712,101,329,362,421
9814,102,323,356,435
9915,101,319,340,459
10016,101,318,327,472
10117,101,286,296,470
10218,101,337,300,493
10319,101,370,296,494
10421,102,376,291,502
10522,101,401,308,494
10624,102,368,318,448
10725,101,382,332,453
10825,100,380,353,434
10927,102,350,357,424
11028,101,347,362,432
11129,101,338,357,433
11231,102,316,347,437
11332,101,328,347,431
11433,101,334,335,436
11534,101,333,323,469
11635,101,338,302,486
11737,102,325,295,477
11838,101,350,292,460
11939,101,374,290,494
12041,102,386,314,485
12142,101,382,326,461
12242,100,356,329,454
12344,102,361,340,445
12445,101,354,349,425
12547,102,331,350,431
12648,101,334,353,433
12749,101,351,345,445
12851,102,309,340,415
12951,100,301,326,439
13052,101,290,310,450
13154,102,324,295,496
13255,101,346,273,494
13357,102,361,274,488
13458,101,391,298,480
13559,101,392,302,480
13660,101,382,321,453
13761,101,370,335,430
13862,101,357,361,411
13964,102,335,364,424
14065,101,325,356,439
14167,102,313,345,453
14268,101,308,342,437
14368,100,312,320,460
14470,102,317,301,487
14571,101,332,299,466
14672,101,335,283,485
14774,102,349,284,478
14875,101,371,288,492
14977,102,382,298,480
15077,100,372,316,445
15178,101,363,330,439
15280,102,346,338,442
15381,101,338,350,437
15482,101,329,361,429
15584,102,330,365,432
15685,101,312,355,430
15785,100,311,351,437
15887,102,329,323,482
15988,101,309,309,470
16090,102,306,299,468
16191,101,328,292,479
16292,101,344,284,483
16394,102,381,291,501
16494,100,372,300,487
16595,101,355,308,472
16697,102,354,334,440
16798,101,354,341,444
16900,102,352,343,450
17001,101,330,350,449
17102,101,320,354,442
17203,101,309,359,439
17304,101,314,346,453
17405,101,308,337,444
17507,102,298,315,457
17608,101,316,303,465
17710,102,346,295,479
17811,101,324,284,472
17911,100,342,282,491
18013,102,373,301,482
18114,101,379,317,475
18215,101,364,331,451
18317,102,366,340,433
18418,101,332,351,430
18520,102,333,357,439
18620,100,311,355,444
18721,101,308,355,442
18823,102,312,357,431
18924,101,299,341,441
19025,101,308,335,446
19127,102,283,294,474
19228,101,307,286,465
19329,101,316,269,487
19430,101,350,273,485
19531,101,357,283,486
19633,102,366,302,478
19734,101,360,317,461
19835,101,362,330,445
19937,102,360,354,418
20037,100,330,359,422
20139,102,323,366,429
20240,101,313,365,420
20341,101,294,351,423
20443,102,313,342,457
20544,101,267,308,467
20645,101,299,310,472
20746,101,299,276,490
20847,101,333,285,480
20948,101,362,289,494
21050,102,374,301,484
21151,101,362,313,457
21253,102,345,324,452
21354,101,353,348,438
21454,100,342,356,426
21556,102,319,356,425
21657,101,316,361,421
21758,101,317,354,429
21860,102,304,337,450
21961,101,284,324,444
22063,102,294,301,464
22163,100,314,301,463
22264,101,316,282,474
22366,102,353,289,487
22467,101,360,297,481
22568,101,377,313,472
22670,102,369,324,464
22771,101,361,337,439
22872,101,359,349,429
22973,101,329,349,433
23074,101,319,361,431
23176,102,302,349,428
23277,101,307,343,435
23378,101,295,328,454
23480,102,308,319,454
23580,100,329,303,474
23682,102,325,279,498
23783,101,328,285,464
23884,101,354,287,477
23986,102,367,300,480
24087,101,362,306,473
24188,101,359,329,450
24289,101,362,340,431
24390,101,351,341,440
24492,102,337,358,443
24593,101,325,362,433
24694,101,316,356,423
24796,102,307,349,435
24897,101,292,329,441
24997,100,299,307,462
25099,102,333,300,485
25200,101,314,293,462
25302,102,321,275,473
25403,101,336,281,497
25504,101,355,293,480
25606,102,357,309,457
25706,100,367,322,453
25807,101,347,340,428
25909,102,341,346,436
26010,101,320,354,440
26112,102,314,358,429
26213,101,302,352,430
26314,101,304,351,435
26415,101,304,336,436
26516,101,279,308,462
26617,101,310,289,486
26719,102,335,287,482
26820,101,344,276,481
26921,101,374,287,484
27023,102,373,294,483
27123,100,360,309,462
27225,102,349,326,449
27326,101,347,340,445
27427,101,345,351,439
27529,102,329,359,433
27630,101,323,360,436
27731,101,307,355,436
27832,101,299,346,439
27933,101,299,339,447
28035,102,297,317,464
28136,101,305,305,469
28237,101,321,282,491
28339,102,333,289,475
28440,101,341,280,477
28540,100,368,290,488
28642,102,367,295,478
28743,101,369,320,458
28845,102,362,338,432
28946,101,355,348,433
29047,101,335,351,436
29149,102,338,362,435
29249,100,322,356,427
29350,101,301,348,429
29452,102,327,345,445
29553,101,287,321,428
29655,102,312,315,454
29756,101,333,287,501
29857,101,352,294,471
29958,101,370,291,477
30059,101,363,298,476
30160,101,348,306,475
30262,102,355,319,463
30363,101,355,333,454
30465,102,347,346,443
30566,101,344,349,431
30666,100,329,363,421
30768,102,321,355,439
30869,101,315,358,431
30970,101,309,337,451
31072,102,287,328,432
31173,101,290,306,458
31275,102,313,289,487
31375,100,321,274,487
31476,101,338,280,470
31578,102,351,288,481
31679,101,359,303,477
31780,101,364,319,462
31882,102,363,333,450
31983,101,375,348,428
32083,100,357,351,427
32185,102,337,362,425
32286,101,326,351,441
32388,102,300,350,423
32489,101,313,335,452
32590,101,310,315,472
32692,102,306,299,468
32792,100,292,286,452
32893,101,344,294,481
32995,102,343,284,480
33096,101,379,298,487
33198,102,350,304,470
33299,101,341,322,471
33400,101,353,329,460
33501,101,350,345,423
33602,101,331,348,414
33703,101,319,351,438
33805,102,307,357,429
33906,101,308,344,429
34008,102,289,330,454
34109,101,308,320,446
34209,100,328,297,467
34311,102,334,269,495
34412,101,360,268,505
34513,101,378,290,471
34615,102,363,304,460
34716,101,351,325,454
34818,102,350,321,481
34918,100,350,346,429
35019,101,339,352,423
35121,102,323,358,425
35222,101,309,349,434
35323,101,323,349,447
35425,102,299,344,410
35526,101,298,316,454
35627,101,312,286,480
35728,101,346,287,490
35829,101,339,268,500
35931,102,359,281,483
36032,101,372,297,472
36133,101,362,307,464
36235,102,354,331,449
36335,100,340,347,426
36436,101,323,351,433
36538,102,310,354,423
36639,101,290,357,423
36741,102,301,346,431
36842,101,288,339,432
36943,101,283,301,450
37044,101,307,289,471
37145,101,315,267,477
37246,101,321,264,472
37348,102,355,273,488
37449,101,359,288,474
37551,102,361,305,464
37652,101,352,324,452
37752,100,347,343,444
37854,102,344,357,428
37955,101,323,354,434
38056,101,306,352,435
38158,102,319,348,445
38259,101,314,342,438
38361,102,271,327,423
38461,100,295,301,475
38562,101,337,279,517
38664,102,311,286,452
38765,101,326,277,471
38866,101,336,270,474
38968,102,362,282,492
39069,101,362,296,474
39170,101,362,321,450
39271,101,350,340,441
39372,101,351,368,417
39474,102,329,367,416
39575,101,312,369,417
39676,101,294,351,412
39778,102,313,331,441
39878,100,289,307,440
39980,102,286,283,471
40081,101,324,274,503
40182,101,333,284,471
40284,102,343,289,473
40385,101,349,299,468
40486,101,346,309,474
40587,101,369,331,465
40688,101,361,350,433
40790,102,362,350,427
40891,101,345,356,433
40992,101,332,361,423
41094,102,305,355,423
41195,101,304,353,423
41295,100,300,328,457
41397,102,295,293,477
41498,101,317,294,480
41600,102,323,280,492
41701,101,349,281,489
41802,101,360,296,491
41904,102,360,296,481
42004,100,352,309,469
42105,101,351,333,450
42207,102,350,356,421
42308,101,345,354,434
42409,101,325,358,435
42511,102,314,351,439
42612,101,298,337,426
42713,101,316,324,452
42814,101,281,290,479
42915,101,319,284,484
43017,102,328,284,476
43118,101,348,275,481
43219,101,343,280,474
43321,102,353,289,486
43421,100,354,306,479
43523,102,360,322,452
43624,101,355,344,432
43725,101,342,349,421
43827,102,325,353,425
43928,101,318,359,431
44029,101,297,350,419
44130,101,315,344,429
44231,101,299,320,446
44333,102,288,275,478
44434,101,318,280,492
44535,101,337,273,491
44637,102,370,279,488
44738,101,359,287,467
44838,100,354,297,476
44940,102,352,319,453
45041,101,370,335,451
45143,102,355,340,438
45244,101,351,347,441
45345,101,327,355,424
45447,102,317,356,432
45547,100,311,351,430
45648,101,317,339,446
45750,102,314,327,443
45851,101,311,287,470
45953,102,342,288,489
46054,101,363,288,490
46155,101,364,285,496
46256,101,375,300,480
46357,101,365,313,458
46458,101,371,332,443
46560,102,373,350,419
46661,101,345,353,425
46763,102,338,348,448
46864,101,325,360,428
46964,100,322,347,452
47066,102,321,343,443
47167,101,303,327,452
47268,101,286,304,477
47370,102,319,297,478
47471,101,319,288,473
47572,101,356,292,488
47673,101,367,300,495
47774,101,376,315,473
47876,102,375,324,458
47977,101,372,343,427
48078,101,366,353,435
48180,102,340,356,424
48281,101,339,369,422
48381,100,320,362,435
48483,102,325,358,454
48584,101,324,352,441
48686,102,319,342,438
48787,101,303,323,453
48888,101,318,310,495
48990,102,312,287,494
49090,100,353,306,472
49191,101,355,294,486
49293,102,372,306,485
49394,101,365,317,464
49496,102,376,335,445
49597,101,367,343,435
49698,101,353,351,428
49799,101,334,351,437
49900,101,319,354,430
50001,101,301,347,424
50103,102,303,336,442
50204,101,294,308,474
50306,102,323,302,487
50407,101,338,288,477
50507,100,338,284,477
50609,102,359,290,484
50710,101,373,305,476
50811,101,371,316,465
50913,102,372,326,445
51014,101,368,350,433
51116,102,348,358,425
51216,100,347,363,439
51317,101,338,363,438
51419,102,309,355,423
51520,101,296,343,429
51621,101,314,331,453
51723,102,296,308,454
51824,101,295,291,456
51924,100,333,274,508
52026,102,344,288,466
52127,101,345,291,466
52229,102,359,298,490
52330,101,356,316,456
52431,101,348,330,441
52533,102,356,345,434
52633,100,341,347,448
52734,101,311,354,432
52836,102,311,358,439
52937,101,296,346,431
53039,102,293,343,429
53140,101,316,328,446
53241,101,291,306,458
53342,101,310,264,493
53443,101,356,271,506
53544,101,347,271,473
53646,102,368,281,471
53747,101,370,286,477
53849,102,366,301,462
53950,101,366,319,443
54050,100,357,341,433
54152,102,336,354,433
54253,101,315,353,438
54354,101,301,355,424
54456,102,301,352,417
54557,101,289,336,427
54659,102,284,300,457
54759,100,303,288,465
54860,101,312,273,483
54962,102,344,278,480
55063,101,350,277,474
55164,101,349,285,472
55266,102,370,296,486
55367,101,360,311,452
55469,102,356,335,438
55569,100,354,343,433
55670,101,345,354,432
55772,102,329,350,436
55873,101,308,349,428
55974,101,288,348,424
56076,102,302,331,429
56177,101,297,307,469
56278,101,300,294,478
56379,101,318,273,495
56480,101,321,272,475
56582,102,348,288,466
56683,101,354,294,475
56784,101,362,305,476
56886,102,362,325,466
56986,100,363,336,439
57088,102,367,341,444
57189,101,349,345,448
57290,101,343,358,425
57392,102,327,359,416
57493,101,320,354,430
57594,101,324,337,444
57695,101,315,320,448
57796,101,318,296,480
57897,101,328,283,480
57999,102,350,280,467
58100,101,363,279,468
58202,102,391,285,495
58303,101,387,304,478
58403,100,388,329,450
58505,102,385,347,422
58606,101,365,349,424
58707,101,346,356,429
58809,102,342,353,428
58910,101,314,347,426
59012,102,332,341,453
59112,100,296,297,477
59213,101,329,309,450
59315,102,359,286,503
59416,101,377,270,510
59517,101,361,286,471
59619,102,372,295,474
59720,101,386,321,475
59821,101,370,327,456
59922,101,371,349,423
60023,101,352,339,435
60125,102,338,359,412
60226,101,333,357,426
60327,101,318,351,417
60429,102,321,342,434
60529,100,307,303,481
60631,102,339,301,481
60732,101,350,286,482
60833,101,341,276,471
